1 -53.60 -62.80 36.64
2 23.87 0.31 69.42
3 -31.74 60.46 13.11
4 48.59 8.80 35.76
5 53.74 8.11 -14.63
6 -50.42 -69.28 -0.89
7 -18.78 -7.66 -25.31
8 38.47 -70.67 44.24
9 -39.31 -22.91 -11.68
10 43.48 23.87 48.55
11 31.52 -40.47 -33.40
12 64.96 -18.83 26.28
13 47.61 -34.27 54.68
14 32.61 -14.62 -21.05
15 18.45 -83.17 -13.64
16 -58.73 4.33 -17.04
17 11.58 2.07 -21.44
18 9.86 -19.24 15.37
19 8.20 45.64 25.00
20 40.01 5.90 51.85
21 23.44 5.99 -30.24
22 16.20 -73.47 -51.71
23 -9.01 59.66 1.18
24 -4.87 -6.34 16.86
25 -4.94 -16.11 55.94
26 32.63 40.88 37.72
27 -58.16 -47.46 -31.79
28 0.32 -49.94 65.91
29 -58.28 -22.20 -29.42
30 -20.55 21.11 5.99
31 59.52 -36.03 26.55
32 15.97 17.20 16.34
33 -21.01 -100.95 9.47
34 50.92 3.57 0.15
35 10.63 -71.97 -41.76
36 5.52 33.83 -20.84
37 62.60 -37.10 10.77
38 -5.34 -11.36 42.28
39 -50.59 -6.42 -36.28
40 23.29 10.43 4.67
41 45.03 34.14 15.73
42 41.68 14.57 52.50
43 -26.57 -9.75 -29.21
44 -48.96 41.12 8.68
45 -17.04 -26.90 9.74
46 -2.63 -52.31 36.32
47 23.14 36.33 -15.01
48 -41.96 -42.91 -45.20
49 29.62 -27.66 64.47
50 50.01 -23.49 50.31
51 48.45 -54.68 -36.87
52 -49.29 -45.53 -13.45
53 22.93 -68.69 51.50
54 -38.44 -56.76 -33.77
55 3.35 50.45 -16.66
56 -50.15 28.28 25.21
57 -46.74 -57.29 -16.96
58 62.20 -21.07 -17.66
59 47.24 -71.98 -3.52
60 -65.46 -43.40 -6.05
61 -61.27 -36.65 6.03
62 52.22 16.39 21.88
63 -45.00 -86.09 6.81
64 -41.01 -80.08 26.69
65 -51.86 -43.39 -27.35
66 38.46 -12.46 -35.07
67 32.47 -79.38 -36.24
68 -66.35 -8.49 0.98
69 4.74 -30.69 48.42
70 29.91 23.19 59.90
71 -19.00 -47.88 61.73
72 -51.74 11.36 -0.77
73 -0.21 -84.30 6.85
74 28.13 64.18 3.06
75 42.12 -48.02 -45.78
76 28.79 14.41 -35.99
77 56.93 -50.84 -28.84
78 -39.42 -32.89 -14.41
79 -41.36 16.55 -38.29
80 -58.58 -52.55 3.02
81 36.39 -70.52 -46.08
82 -22.53 18.15 63.32
83 52.76 -57.84 -24.80
84 40.90 -38.69 46.51
85 30.88 -81.63 28.97
86 -34.42 -10.21 -24.74
87 42.99 -58.20 -25.13
88 36.83 -85.57 2.84
89 8.01 -51.12 -8.49
90 36.95 -32.85 -32.11
91 16.96 -58.31 20.42
92 32.03 1.15 -4.73
93 19.50 -74.16 33.29
94 -56.66 -43.74 39.94
95 46.09 -44.90 54.96
96 -7.08 -86.79 -24.06
97 -13.35 -41.74 73.37
98 -32.45 -88.58 -9.34
99 11.65 -64.65 -8.88
100 36.75 6.56 -19.23
101 59.85 -51.17 -3.62
102 20.00 19.50 -21.81
103 -8.06 14.43 39.06
104 23.31 -93.92 18.60
105 -2.84 36.54 54.63
106 45.10 9.24 5.15
107 -8.99 10.20 58.49
108 -9.22 26.89 -15.65
109 58.71 -50.71 21.43
110 -36.78 -42.97 63.27
111 48.04 -54.62 31.71
112 53.72 31.90 5.60
113 -14.68 -75.96 52.00
114 3.87 66.90 12.01
115 18.41 -91.74 -15.50
116 -62.58 -58.55 0.17
117 -64.55 -17.53 7.11
118 34.52 -41.15 63.09
119 41.37 48.24 21.28
120 -26.14 -65.61 -48.23
121 -53.80 -24.89 43.83
122 -67.87 -33.10 -12.90
123 30.43 2.79 54.11
124 -55.16 -62.60 17.64
125 53.24 12.11 13.04
126 -28.04 -97.80 3.38
127 -45.73 -13.36 52.01
128 50.33 -65.56 -11.58
129 -4.71 -68.42 -10.65
130 6.02 66.89 -5.07
131 -49.59 -17.74 5.46
132 -37.05 -65.43 -49.84
133 2.75 -35.44 -36.37
134 22.76 67.13 -5.27
135 60.21 -24.06 10.96
136 -39.70 52.80 -9.11
137 53.98 18.43 31.64
138 5.97 -77.00 37.86
139 -29.45 11.96 -31.49
140 -12.11 49.26 47.66
141 -46.53 3.77 -44.04
142 -4.87 -38.11 35.86
143 33.40 -2.20 -45.47
144 26.82 9.85 62.15
145 4.76 -62.71 2.56
146 -59.20 -19.75 20.45
147 -40.79 11.92 -32.16
148 -41.18 28.59 -9.24
149 -30.91 -33.64 67.49
150 -59.08 5.70 26.10
151 -69.43 -43.27 7.59
152 -27.74 -74.24 -2.84
153 22.18 -42.95 -48.17
154 2.32 52.67 17.81
155 50.29 -42.79 -32.29
156 -24.73 57.94 30.78
157 -40.67 16.81 52.63
158 39.43 -80.80 14.77
159 -28.35 -37.58 -44.73
160 -45.99 -9.85 -8.10
161 22.62 54.68 -13.75
162 3.89 -52.72 53.59
163 -20.99 -61.97 52.84
164 -16.32 8.16 -12.67
165 19.06 -26.49 -23.49
166 -2.85 -28.13 -24.19
167 59.32 -3.10 29.04
168 -20.41 -6.73 -12.20
169 24.04 -70.48 -35.57
170 -49.44 39.08 -7.41
171 54.62 -59.45 9.90
172 -35.16 -59.05 -20.43
173 -4.88 -15.96 66.07
174 0.40 -40.08 -14.51
175 6.71 33.28 -11.94
176 -52.37 -32.04 -21.69
177 -36.70 -80.94 -16.43
178 -19.85 68.75 -4.34
179 -21.54 -49.73 -27.02
180 -61.93 -1.42 14.46
181 -10.31 37.98 34.52
182 12.41 -61.79 36.12
183 57.77 9.63 -5.49
184 5.71 -37.53 72.64
185 39.14 -47.69 -27.59
186 19.44 -53.04 -14.09
187 -58.58 -17.71 32.59
188 49.66 24.94 -6.97
189 18.76 33.21 55.41
190 -13.09 70.88 9.14
191 -24.09 -78.52 42.28
192 19.93 -12.34 75.55
193 -12.12 -61.80 42.29
194 -35.91 49.12 28.34
195 -18.78 -47.53 70.99
196 33.49 2.35 14.35
197 -44.97 -66.31 31.15
198 -17.81 -75.52 30.00
199 -15.23 -61.77 -4.62
200 -37.15 -45.65 -20.45
201 -64.36 -32.82 21.34
202 10.40 -52.66 -25.78
203 47.20 47.64 2.83
204 -2.99 31.95 31.88
205 4.34 59.46 32.49
206 -26.42 -47.17 -46.78
207 42.88 -43.73 -9.75
208 15.70 -8.97 -28.91
209 2.15 45.98 37.32
210 -4.30 -41.65 -2.45
211 -58.68 -53.26 18.23
212 -9.79 22.22 56.40
213 54.60 -7.80 13.53
214 -58.79 -17.27 -21.92
215 35.25 -59.33 -47.70
216 4.97 -16.65 -9.44
217 8.29 -79.49 -3.24
218 -60.03 -50.65 -21.99
219 -48.68 -56.47 28.19
220 33.24 19.14 0.18
221 40.22 -48.47 -17.77
222 3.09 38.03 21.40
223 55.49 -39.92 -19.61
224 1.69 -91.39 20.83
225 57.85 -35.34 -4.69
226 9.55 11.81 -0.59
227 0.84 6.88 44.70
228 -8.29 -24.68 45.56
229 -1.96 -8.59 2.58
230 40.52 -50.56 50.62
231 -48.48 -52.44 48.73
232 53.26 -58.44 -10.65
233 -25.45 -63.82 -56.52
234 17.19 -6.73 -13.38
235 -31.44 -15.21 -39.70
236 -62.00 -37.37 -21.95
237 39.46 -65.77 -25.01
238 -0.55 46.63 0.49
239 -27.99 -91.39 24.92
240 -5.81 -34.27 75.06
241 27.35 -7.11 -27.64
242 -27.91 -83.24 35.05
243 -47.97 7.61 13.90
244 -40.89 -5.07 -26.82
245 -19.77 -50.02 -53.80
246 -36.43 60.74 -1.37
247 -52.76 -68.97 12.16
248 -7.94 58.00 32.43
249 -27.62 2.33 -24.96
250 -34.56 9.53 2.62
251 -8.14 -45.24 -51.14
252 2.46 -20.40 78.08
253 45.42 -25.41 21.36
254 6.41 54.54 4.79
255 -36.93 -9.56 11.72
256 45.21 -59.19 -16.77
257 -61.03 -3.60 32.90
258 -51.23 -58.45 1.54
259 46.48 -69.70 -30.33
260 4.03 -52.04 25.95
261 38.56 -14.54 65.52
262 41.12 -71.12 13.39
263 -31.12 -1.42 60.14
264 8.71 -77.72 15.78
265 66.05 -16.59 1.59
266 15.09 -21.80 75.79
267 44.26 -62.84 -1.44
268 -12.83 -90.20 34.67
269 -5.23 -62.75 -36.48
270 25.81 57.71 22.13
271 -19.58 -75.58 -18.43
272 -34.17 -88.34 17.34
273 27.08 -2.21 62.07
274 39.79 23.72 40.34
275 -7.24 -64.10 19.62
276 -18.71 -48.23 -44.30
277 -18.00 -93.84 21.57
278 46.56 10.74 47.58
279 -13.87 -68.33 -25.84
280 0.32 -49.74 44.19
281 -28.12 -79.25 -10.12
282 -50.39 -7.66 0.59
283 24.39 56.09 34.88
284 -8.95 -38.99 -38.66
285 3.58 -26.98 1.74
286 -46.93 -9.71 60.46
287 -19.44 -49.54 1.14
288 -8.55 -59.42 -15.97
289 9.39 -51.09 7.83
290 37.30 -9.34 -8.64
291 -17.21 -80.11 -2.64
292 55.24 -48.15 40.64
293 -2.97 42.97 32.26
294 -33.73 -60.75 58.29
295 10.08 38.49 -14.79
296 -38.98 9.09 -12.43
297 19.22 -62.37 -52.32
298 30.21 -77.37 -15.35
299 21.19 -33.35 -22.88
300 23.89 -35.37 64.91
301 -33.90 -15.22 69.07
302 23.56 -96.15 -2.55
303 22.89 -75.13 39.85
304 -37.53 -54.27 -46.67
305 7.23 41.76 -23.53
306 24.24 -53.18 1.05
307 60.78 -42.92 2.28
308 -35.72 -36.71 -18.85
309 -52.48 -70.14 25.35
310 -27.62 5.59 -31.46
311 8.66 -94.83 -2.26
312 -52.40 -9.65 44.98
313 -45.95 12.68 35.13
314 8.11 -66.23 17.19
315 44.11 36.11 2.31
316 -18.27 7.25 -4.41
317 6.15 -76.50 49.61
318 -6.79 -93.63 24.00
319 4.25 22.71 38.98
320 -5.33 -80.13 27.46
321 56.37 -7.13 -11.55
322 -39.25 -33.94 -34.68
323 -9.52 37.57 -21.51
324 19.16 -34.53 5.48
325 3.64 -13.61 12.69
326 2.96 -67.86 -46.63
327 -20.24 19.84 -13.51
328 24.14 -35.40 -3.74
329 -40.91 34.34 38.33
330 20.85 -49.33 69.51
331 50.21 9.54 -31.17
332 -34.69 23.34 -0.77
333 -63.71 -28.97 -1.05
334 16.56 -32.49 72.43
335 -47.18 -78.30 4.86
336 -1.38 -54.91 -23.83
337 6.00 -7.57 50.13
338 47.80 -7.37 47.25
339 16.76 -16.94 13.37
340 27.02 -7.92 -38.50
341 -23.44 -28.37 -4.75
342 -29.76 -89.05 31.21
343 -28.96 -75.42 -35.59
344 38.68 0.91 7.09
345 17.53 -66.82 2.46
346 17.75 49.24 40.75
347 -51.58 1.91 36.15
348 -59.81 -53.59 -10.15
349 46.34 -65.17 33.68
350 28.83 -12.92 0.61
351 -16.56 9.16 17.57
352 -68.45 -21.19 -10.52
353 -40.13 -65.72 44.54
354 -56.06 -43.59 27.13
355 37.46 -74.83 -25.74
356 -45.31 -52.70 -49.80
357 11.00 -91.48 -11.30
358 -41.19 -0.60 -8.54
359 21.60 -66.63 41.72
360 49.21 -72.69 12.62
361 -36.18 -68.80 -17.05
362 -24.51 -66.73 -12.06
363 -13.79 55.60 37.25
364 -19.79 27.67 -23.45
365 23.32 -61.74 -28.09
366 9.17 -90.41 19.89
367 -51.67 -69.49 -17.96
368 32.71 -58.54 -12.32
369 40.46 -2.16 58.88
370 -26.11 -43.37 -10.94
371 23.18 -77.73 -43.20
372 53.78 -18.86 31.44
373 22.64 19.00 -8.57
374 -49.28 -29.94 12.52
375 -14.59 -95.21 -10.52
376 -29.07 40.01 39.95
377 -15.56 -20.11 76.12
378 -23.75 47.19 44.68
379 -7.87 -49.89 19.48
380 -4.46 38.10 -4.98
381 1.65 -74.14 -6.59
382 -20.24 -82.51 -17.23
383 -40.39 0.38 61.76
384 -41.33 -45.78 50.51
385 -19.27 -68.12 6.87
386 58.94 -15.91 43.30
387 2.80 62.48 -16.55
388 -36.56 -4.66 -1.31
389 -43.46 -68.79 -35.90
390 -10.85 -78.12 -43.48
391 -33.39 -72.24 45.25
392 -61.64 -47.44 12.31
393 48.65 -17.09 1.57
394 -13.88 -64.60 -49.58
395 -2.72 17.39 -2.69
396 -30.60 -25.31 -22.43
397 35.63 18.24 -38.29
398 -29.30 11.33 -19.40
399 -48.34 7.08 -17.48
400 2.80 -65.08 41.09
401 -7.85 35.85 48.38
402 38.39 -12.03 18.29
403 0.19 54.31 0.14
404 -20.31 -59.31 -19.68
405 39.65 42.13 -9.12
406 -5.75 -39.18 55.95
407 23.80 -82.37 -30.12
408 33.86 56.87 10.63
409 51.71 -14.17 -32.47
410 -13.97 -85.75 7.15
411 -14.79 -17.56 -11.27
412 10.01 -67.00 59.30
413 32.97 -34.40 -16.90
414 9.50 47.27 48.87
415 10.65 -94.19 27.81
416 11.26 -84.68 -35.27
417 -43.98 -74.74 39.14
418 7.36 66.32 25.87
419 -44.21 23.75 -23.11
420 -29.11 42.00 -13.28
421 -9.93 44.02 19.54
422 -27.53 -1.10 -8.64
423 -50.44 -25.53 -32.32
424 -32.47 -5.49 -42.20
425 -28.90 -14.62 -10.69
426 -19.35 -61.46 22.95
427 4.65 19.05 66.37
428 -28.57 27.98 52.74
429 -48.73 1.41 50.31
430 21.73 8.53 -13.34
431 -5.75 -5.16 52.86
432 -19.97 -64.82 33.33
433 -13.32 -78.65 -35.20
434 60.37 2.87 1.51
435 -37.52 -37.38 -47.86
436 7.69 -65.45 26.85
437 27.10 20.83 51.96
438 8.23 -81.89 -26.14
439 40.38 18.69 30.36
440 -3.42 -3.01 68.33
441 -12.62 60.72 20.23
442 42.92 22.67 -3.59
443 46.42 -63.58 15.88
444 -15.24 -36.34 -15.32
445 38.29 11.40 61.66
446 -15.12 -11.22 10.34
447 58.67 -34.64 38.77
448 41.41 -76.64 25.76
449 -8.16 -51.62 1.44
450 23.01 -3.18 59.25
451 -46.76 31.56 2.97
452 30.09 27.48 -9.35
453 11.01 -5.18 73.54
454 60.39 4.17 10.86
455 -42.80 -22.83 -25.85
456 58.23 -59.72 -0.85
457 -36.50 -93.86 5.97
458 -23.05 -58.07 9.55
459 5.64 -50.27 -48.97
460 -10.62 -26.88 -7.94
461 -31.83 -0.75 14.51
462 -23.44 1.26 70.33
463 34.82 -59.66 52.92
464 24.48 -69.16 -1.89
465 -44.66 -25.81 55.48
466 -32.03 -25.25 61.76
467 -9.94 7.21 70.62
468 -12.82 -53.73 -27.58
469 6.21 -70.68 -25.38
470 -6.90 -82.55 -10.11
471 -19.81 -62.13 66.40
472 53.44 1.87 43.79
473 -44.48 -73.58 -18.18
474 -37.06 -58.78 -7.77
475 -50.27 -50.88 -39.41
476 -49.82 -38.29 56.82
477 -13.55 58.49 -15.17
478 -24.07 -87.50 -25.92
479 -2.27 28.41 -9.34
480 -7.19 10.17 -13.79
481 47.03 23.68 20.26
482 6.87 19.12 -17.83
483 48.92 -47.88 14.30
484 49.93 36.76 26.86
485 9.54 -87.22 37.85
486 -21.43 -22.82 16.71
487 -18.73 38.30 51.22
488 -33.03 -13.26 2.64
489 37.78 -10.92 5.08
490 39.77 10.24 -3.76
491 38.45 18.12 -23.96
492 -31.44 -46.58 -49.70
493 3.06 17.14 56.04
494 -36.29 -47.63 -53.31
495 -58.35 13.56 10.81
496 63.91 -3.08 19.10
497 -48.97 -9.07 12.48
498 39.31 -19.97 52.01
499 18.51 -67.80 23.98
500 -4.03 -98.13 9.20
