0 70.800000 30.600000 53.320000
1 32.064909 62.154158 69.707911
2 59.870968 92.230014 41.552595
3 19.703504 66.398922 52.878706
4 17.131291 66.052516 27.687090
5 69.210396 27.358911 34.556931
6 53.389610 58.168831 22.344156
7 24.766667 26.666667 57.121212
8 63.655602 50.543568 29.161826
9 22.259740 73.935065 59.277056
10 28.238318 41.764019 18.299065
11 11.521605 52.586420 48.138889
12 20.194149 44.867021 62.337766
13 27.692529 54.691092 24.475575
14 34.775794 20.416667 28.178571
15 73.367164 64.164179 26.477612
16 38.211618 63.033195 24.278008
17 39.068182 52.378788 42.685606
18 39.898936 84.819149 47.500000
19 23.994949 64.949495 60.924242
20 32.279221 64.995671 19.878788
21 35.897959 25.265306 9.142857
22 48.504990 91.828343 35.588822
23 46.434859 58.830986 43.429577
24 46.471111 53.946667 62.968889
25 27.682796 82.438172 53.861559
26 73.080357 38.267857 19.107143
27 43.838961 37.032468 67.957143
28 73.139456 50.897959 20.289116
29 54.276827 72.555210 37.993779
30 14.239845 43.984526 48.276596
31 36.015287 70.600000 43.170701
32 54.506329 11.527426 39.734177
33 18.541502 63.786561 35.075099
34 38.682796 26.013441 14.120968
35 41.242424 78.915152 24.581818
36 12.702083 43.447917 40.385417
37 46.671772 56.321663 56.137856
38 69.296948 58.788732 16.861502
39 32.357285 67.215569 37.333333
40 21.484337 79.072289 42.867470
41 23.160714 69.285714 61.250000
42 57.285714 57.125000 20.396429
43 68.480702 82.561404 39.340351
44 52.520913 48.549430 39.870722
45 45.314024 35.844512 53.161585
46 32.429126 80.163107 27.495146
47 64.977778 40.544444 12.400000
48 29.188716 48.169261 67.233463
49 18.996289 50.256030 60.153989
50 19.774319 34.661479 16.564202
51 68.646067 39.235955 28.275281
52 32.535304 27.656814 60.750411
53 63.218978 33.620438 18.116788
54 42.322500 87.222500 26.672500
55 69.075123 76.141626 47.607143
56 67.371968 33.353100 26.517520
57 12.900000 51.465657 26.171717
58 20.377907 26.008721 33.238372
59 76.730897 40.299003 31.973422
60 74.632997 43.676768 38.016835
61 17.888502 70.195122 45.940767
62 66.498489 18.954683 38.404834
63 64.507307 21.958246 48.344468
64 69.929032 40.303226 21.322581
65 24.770658 55.772344 17.467116
66 27.765027 22.311475 16.879781
67 77.173709 57.753521 35.488263
68 41.629032 46.653846 59.210918
69 29.043210 73.595679 64.950617
70 53.497908 38.058577 65.864017
71 69.871017 67.681335 34.616085
72 44.104938 19.848765 38.427469
73 29.936204 94.090909 36.531100
74 22.937947 37.988067 12.109785
75 29.606414 69.204082 17.002915
76 15.533333 36.577778 20.577778
77 63.711382 45.556911 27.796748
78 64.678788 70.275758 15.854545
79 73.289157 35.722892 36.512048
80 25.803030 26.738636 11.962121
81 55.265347 71.077228 66.661386
82 17.617978 33.078652 22.601124
83 23.551829 42.655488 58.253049
84 28.558185 21.183432 49.483235
85 61.207865 56.896067 22.632022
86 22.506667 32.900000 22.433333
87 25.583187 19.213660 36.418564
88 39.995690 36.439655 30.754310
89 25.522727 45.577273 18.945455
90 35.519481 32.844156 45.211039
91 27.985380 62.573099 32.634503
92 34.251701 24.921769 51.642857
93 72.329650 40.128913 54.968692
94 20.955056 39.550562 62.477528
95 47.540816 18.604592 22.969388
96 50.675325 41.132468 71.685714
97 60.222527 17.711538 30.332418
98 38.175966 29.673820 30.562232
99 25.627368 65.277895 25.387368
100 14.075301 36.415663 33.189759
101 33.997555 71.750611 24.092910
102 48.031100 69.212919 54.528708
103 32.345972 15.040284 44.298578
104 45.419094 80.271845 62.315534
105 21.449393 66.619433 37.574899
106 48.494545 67.098182 64.243636
107 48.608696 75.446377 27.173913
108 14.645161 36.642857 45.716590
109 62.391089 40.514851 66.633663
110 19.978552 34.691689 50.855228
111 17.141129 77.947581 37.802419
112 51.340040 24.022133 61.000000
113 42.064771 95.450237 41.003160
114 34.794872 16.128205 27.247863
115 75.290909 32.727273 35.084848
116 76.276923 53.236923 38.556923
117 26.741627 41.425837 66.545455
118 23.314700 86.120083 45.639752
119 57.068750 29.196875 10.884375
120 70.898164 49.552588 56.913189
121 77.933993 45.448845 28.551155
122 28.786517 63.393258 62.056180
123 71.581818 30.700000 43.818182
124 17.382212 68.055288 41.521635
125 58.018750 13.100000 36.687500
126 66.863850 55.319249 61.004695
127 18.833333 29.219298 29.210526
128 46.355721 27.791045 29.674129
129 40.987654 95.444444 32.462963
130 68.794727 53.129944 37.730697
131 62.524496 29.285303 10.077810
132 42.623441 44.280549 16.816708
133 32.622449 95.566327 32.367347
134 13.896552 49.972414 40.477586
135 63.847953 88.397661 30.444444
136 17.008876 71.213018 50.822485
137 41.012594 23.501259 53.929471
138 58.723735 67.980545 19.256809
139 50.054688 86.628906 58.832031
140 67.263158 63.884211 12.978947
141 46.437209 42.947287 52.931783
142 27.299771 60.899314 12.263158
143 30.589820 66.925150 66.074850
144 41.621918 30.646575 36.279452
145 73.597846 52.123878 45.222621
146 64.395197 67.960699 18.919214
147 64.588768 76.297101 30.378623
148 59.453052 45.180751 68.746479
149 73.539295 64.848238 48.048780
150 78.714286 40.364286 38.792857
151 57.870748 24.877551 33.578231
152 32.907652 40.525066 10.916887
153 42.839394 88.333333 43.903030
154 18.853881 40.602740 18.853881
155 56.363636 90.972332 50.391304
156 64.332734 70.406475 61.312950
157 24.284615 21.600000 42.384615
158 58.173184 43.209497 12.634078
159 66.996711 57.075658 30.950658
160 32.691145 89.341253 28.125270
161 42.057245 35.640429 61.794275
162 54.497186 31.015009 61.418386
163 52.157706 66.082437 28.666667
164 34.470588 48.757353 23.254902
165 45.424092 47.937294 22.904290
166 14.337778 60.448889 49.522222
167 54.203279 58.636066 28.901639
168 31.979228 26.759644 17.216617
169 68.721311 81.540984 31.295082
170 16.692308 32.273846 39.950769
171 61.578512 32.475207 24.785124
172 46.441501 54.022075 68.035320
173 43.798425 41.962205 27.744882
174 40.645714 78.640000 29.028571
175 70.186869 45.979798 24.156566
176 62.349693 21.531697 26.785276
177 53.923423 96.373874 32.828829
178 54.770732 37.134146 21.487805
179 74.963576 61.291391 42.231788
180 49.154472 80.991870 52.260163
181 37.795322 31.105263 53.058480
182 15.113095 66.815476 32.255952
183 41.145522 43.235075 71.319030
184 24.431707 38.153659 21.207317
185 34.282004 35.480519 27.957328
186 73.290323 53.146774 51.293548
187 19.167763 74.470395 31.516447
188 34.621253 78.604905 62.704360
189 50.544747 97.439689 39.571984
190 56.047354 22.738162 56.142061
191 34.037234 55.829787 72.776596
192 50.057803 31.098266 56.142582
193 61.956600 86.562387 49.169982
194 53.389503 38.234807 70.497238
195 27.257143 63.174026 42.176623
196 66.486034 28.843575 50.575419
197 52.906459 24.238307 49.997773
198 51.616667 31.116667 32.688889
199 62.572650 39.175214 24.775641
200 76.178309 45.588235 45.669118
201 38.800628 35.668760 22.109890
202 20.400602 85.819277 36.412651
203 45.492958 77.973843 50.941650
204 41.828080 91.727794 51.246418
205 57.208333 38.416667 11.611111
206 22.562334 40.135279 30.127321
207 36.148699 57.516729 20.542751
208 42.926829 84.989547 53.658537
209 46.150713 41.177189 33.775967
210 73.338323 35.368263 44.116766
211 48.894081 73.109034 63.199377
212 16.699360 58.102345 41.763326
213 73.394089 53.366174 24.037767
214 26.377207 32.337079 11.150883
215 41.515890 53.672669 30.277542
216 39.853007 22.256125 33.378619
217 74.014235 36.676157 24.007117
218 68.339394 33.763636 49.096970
219 27.380734 71.571101 35.091743
220 23.890295 37.763713 26.113924
221 42.456359 81.017456 45.700748
222 16.255183 42.041467 25.196172
223 43.154286 16.302857 45.417143
224 15.072566 44.329204 32.654867
225 39.227319 67.907238 34.703364
226 43.581667 65.440000 57.350000
227 48.144105 49.661572 57.779476
228 44.982301 57.704172 36.288243
229 23.738703 36.719057 60.312377
230 68.240000 35.778462 59.363077
231 17.371287 32.782178 29.673267
232 56.727273 30.090909 6.738636
233 35.404120 58.633914 28.310618
234 59.722222 54.396825 15.150794
235 75.000000 43.313253 24.024096
236 24.271341 29.112805 22.493902
237 44.274406 85.316623 35.242744
238 57.995215 16.306220 47.459330
239 46.902913 44.864078 72.529126
240 30.322684 58.444089 21.182109
241 57.955224 20.378109 52.527363
242 67.983871 65.804659 41.949821
243 64.447368 59.464912 21.592105
244 53.884354 36.989796 8.102041
245 62.214085 92.369014 34.312676
246 70.378378 27.516517 41.081081
247 47.971660 91.000000 51.214575
248 57.809278 63.164948 22.520619
249 61.279029 66.766031 36.311958
250 48.067885 39.381201 9.430809
251 42.769231 51.800699 74.041958
252 21.288525 49.295082 45.678689
253 40.796610 89.271186 37.395480
254 62.464052 57.222222 40.858388
255 21.393333 32.406667 26.613333
256 74.514403 60.197531 51.448560
257 69.613953 32.776744 35.772093
258 20.757732 27.149485 19.835052
259 41.986000 35.982000 47.976000
260 24.719340 54.731132 67.759434
261 23.438596 26.438596 41.692982
262 59.562500 61.292279 65.069853
263 39.643229 23.138021 42.888021
264 10.973545 53.703704 35.793651
265 36.456647 51.098266 72.895954
266 21.868217 30.581395 34.279070
267 50.416961 16.897527 52.335689
268 46.614329 30.623476 16.759146
269 31.097130 90.856512 46.064018
270 53.789954 24.210046 25.785388
271 61.083799 17.832402 43.670391
272 30.457516 60.895425 66.032680
273 24.105128 73.861538 55.169231
274 47.620690 29.947526 44.808096
275 53.353191 37.885106 12.851064
276 53.000000 15.079710 45.782609
277 20.717647 67.370588 58.788235
278 50.932886 27.835570 22.080537
279 43.838926 37.127517 57.097315
280 58.062500 22.375000 29.937500
281 69.196507 58.170306 35.292576
282 31.803987 90.046512 52.441860
283 48.474359 42.502564 15.669231
284 42.209251 48.508811 35.872247
285 67.466667 57.144444 65.227778
286 53.718535 37.231121 35.567506
287 48.276596 32.289362 27.017021
288 39.304147 36.456221 38.915515
289 25.349614 57.331620 30.681234
290 52.607018 21.947368 33.680702
291 16.380795 37.927152 55.317881
292 45.485294 83.485294 51.132353
293 60.866499 31.627204 64.143577
294 38.958904 81.246575 27.602740
295 63.487578 66.546584 28.782609
296 34.390057 30.816444 8.841300
297 28.897436 23.313725 27.327300
298 33.402715 45.323529 23.558824
299 32.057143 44.314286 67.457143
300 60.949886 54.389522 69.535308
301 32.217993 13.927336 33.726644
302 32.552632 24.436842 54.926316
303 62.767327 34.866337 11.663366
304 40.385246 82.879781 23.234973
305 31.881356 35.412429 35.522599
306 13.610039 40.540541 36.138996
307 61.862454 43.646840 25.576208
308 70.240000 26.930000 47.675000
309 57.809524 64.793651 19.269841
310 39.670588 14.586275 33.870588
311 70.200000 57.176000 57.488000
312 66.977035 68.340292 52.565762
313 39.947205 28.885093 43.593168
314 21.942857 80.057143 36.157143
315 53.132911 65.626582 32.797468
316 40.925926 23.752137 59.806268
317 47.392523 15.186916 47.000000
318 41.872881 73.355932 54.491525
319 46.664931 21.934028 48.730903
320 15.816327 58.434851 29.226060
321 63.626198 45.031949 17.658147
322 48.761446 80.783133 24.245783
323 34.418519 44.737037 37.740741
324 42.178117 55.195929 41.343511
325 42.520690 28.068966 11.686207
326 54.121780 71.918033 28.243560
327 31.931464 44.299065 33.129283
328 64.456238 79.167598 54.165736
329 33.575967 37.337017 69.755525
330 18.892694 66.770548 19.416667
331 61.345489 73.669866 34.616123
332 75.856322 47.517241 34.474138
333 35.717842 45.755187 71.215768
334 67.589928 22.848921 37.428058
335 44.689944 34.547486 23.086592
336 40.997792 58.216336 60.066225
337 20.101149 58.314943 58.625287
338 35.621333 53.530667 41.682667
339 30.492126 58.039370 15.748031
340 55.717672 47.816810 32.625000
341 58.881579 17.473684 50.605263
342 58.478754 24.291785 17.206799
343 24.662393 62.452991 38.542735
344 35.236735 28.591837 36.228571
345 35.125356 86.621083 55.373219
346 69.792115 62.956989 53.075269
347 73.904762 35.204482 29.927171
348 20.831707 29.417073 51.839024
349 29.583969 55.538168 35.305344
350 52.279330 66.581006 43.783985
351 78.223618 51.407035 29.741206
352 64.063291 29.142405 57.268987
353 72.031120 40.207469 48.566390
354 25.272455 24.586826 22.131737
355 66.653631 35.648045 10.100559
356 38.500000 16.260870 29.347826
357 64.596386 61.698795 30.728916
358 33.197674 28.686047 55.860465
359 19.394068 25.656780 41.309322
360 62.092251 27.597786 26.476015
361 56.255521 28.637224 28.968454
362 50.893281 89.798419 53.624506
363 53.897260 75.835616 23.277397
364 32.337500 31.130000 20.955000
365 39.414097 16.792952 44.942731
366 69.836842 27.252632 26.018421
367 27.642702 32.727669 28.840959
368 23.771552 60.918103 64.439655
369 57.052711 40.314759 29.531627
370 32.407643 23.133758 13.401274
371 17.110811 52.570270 50.718919
372 32.679325 71.502110 30.713080
373 68.641234 47.032468 41.261364
374 51.294466 14.393281 29.739130
375 58.537415 82.006803 54.972789
376 51.781701 51.947030 73.057785
377 55.872727 85.593939 57.339394
378 47.935335 37.053118 44.739030
379 46.231330 81.051002 32.510018
380 43.173077 24.929487 31.705128
381 54.118343 20.745562 26.384615
382 64.197279 62.190476 65.877551
383 64.666016 39.109375 60.253906
384 53.633406 27.941432 38.436009
385 14.529412 54.042781 56.649733
386 42.598063 93.239709 26.726392
387 62.278195 59.669173 34.345865
388 65.731449 27.604240 17.051237
389 49.424749 22.939799 13.257525
390 60.693950 25.879004 57.622776
391 74.817544 38.280702 41.154386
392 19.675633 53.455696 35.784810
393 50.938303 29.699229 10.210797
394 45.362416 70.694631 33.652685
395 59.302457 49.344045 23.782609
396 26.184343 71.118687 15.856061
397 58.648551 67.666667 25.300725
398 68.170029 65.538905 26.262248
399 42.597938 29.461340 55.543814
400 47.926471 79.926471 59.191176
401 24.803987 55.986711 44.146179
402 43.907143 89.157143 35.071429
403 54.156250 32.343750 25.160156
404 24.173193 83.066265 30.438253
405 46.873935 42.410562 62.974446
406 32.102128 20.817021 19.940426
407 27.067568 90.435811 40.314189
408 18.142529 54.912644 18.766667
409 50.984496 19.124031 38.573643
410 51.395257 53.221344 29.363636
411 38.995690 28.500000 64.650862
412 27.514620 44.799708 26.549708
413 39.252011 85.635389 59.434316
414 38.675325 14.902597 48.902597
415 38.367589 19.660079 17.363636
416 65.991379 24.629310 54.568966
417 40.318612 95.157729 47.936909
418 66.105906 73.875764 23.446029
419 58.554422 82.998299 28.362245
420 48.967480 84.010840 44.769648
421 57.767045 61.448864 30.681818
422 69.220588 49.235294 18.838235
423 60.237037 59.255556 13.900000
424 58.451064 54.689362 29.655319
425 53.673367 31.271357 46.477387
426 41.673443 71.527319 68.185515
427 58.283537 75.990854 61.371951
428 68.363128 62.703911 60.153631
429 33.135593 66.266949 28.330508
430 46.876289 59.417526 61.427835
431 53.982906 29.589744 51.666667
432 50.662469 22.675063 17.400504
433 13.814208 63.437158 35.754098
434 62.760563 43.309859 11.070423
435 40.153285 29.277372 48.423358
436 30.451807 72.415663 60.981928
437 39.886650 21.055416 21.931990
438 23.812500 71.343750 50.179688
439 45.709867 60.496318 69.163476
440 50.309278 92.360825 45.113402
441 22.542416 73.334190 33.203085
442 20.788546 30.211454 42.938326
443 51.618667 43.832000 27.341333
444 24.857143 67.700000 65.828571
445 51.561983 56.388430 40.169421
446 14.666667 44.681034 54.385057
447 23.292537 23.680597 47.877612
448 48.081505 36.191223 35.721003
449 32.492647 60.411765 64.625000
450 67.378472 77.777778 36.482639
451 28.956175 75.739044 30.324701
452 38.497364 59.407733 71.769772
453 13.805825 64.087379 40.432039
454 65.399083 50.582569 22.073394
455 14.887324 32.140845 34.577465
456 62.250000 15.069149 37.984043
457 55.524164 32.966543 39.776952
458 41.179355 36.863226 10.517419
459 49.310861 48.558052 31.029963
460 59.916376 61.627178 42.254355
461 55.717895 62.631579 70.166316
462 26.592381 32.167619 61.459048
463 31.761404 27.417544 34.056140
464 66.331034 49.094253 62.737931
465 60.016878 49.375527 65.877637
466 48.970276 65.602972 70.307856
467 50.411429 35.137143 21.211429
468 40.895197 26.661572 22.312227
469 47.450521 20.726562 29.942708
470 53.906061 30.933333 68.200000
471 17.279851 62.936567 56.895522
472 66.239130 25.208696 25.908696
473 62.531034 32.610345 31.117241
474 69.133515 36.558583 15.297003
475 68.912000 42.856000 63.408000
476 50.774775 91.245045 27.416216
477 56.034483 18.247649 22.040752
478 45.132743 76.203540 30.331858
479 47.596491 67.083333 28.105263
480 20.484127 73.838624 45.132275
481 40.564356 71.561056 26.082508
482 19.540230 38.062069 42.151724
483 19.035556 80.377778 48.431111
484 39.227778 18.388889 53.925000
485 54.714286 50.589286 43.357143
486 53.364078 81.150485 60.611650
487 60.513274 55.371681 36.318584
488 25.108808 56.538860 37.538860
489 24.115578 67.120603 33.120603
490 24.776156 71.060827 23.021898
491 59.720430 38.709677 10.150538
492 42.468944 70.571429 63.021739
493 62.146667 38.186667 8.346667
494 73.174174 68.780781 40.405405
495 12.046243 60.462428 44.549133
496 68.484848 57.464646 41.239057
497 24.345638 52.016779 61.003356
498 34.745098 28.098039 46.990196
499 46.016509 12.933962 39.599057
